0 0 0 0 0 0 0 3.19 0 0 0 0 0 0 0 0 0 0 0 0 0 0 0 0 0 0 0 0 0 0 0 0 0 0 0 0 0 0 0 0 0 0 0 0 1.06 0 0 0 0 0.207 0 0.207 0.207 0 3.761 25 79 1
0 0 0 0 0 1.29 0 0.64 0 0 0 0 0 0 0 0 0 0 3.87 0 0.64 0 0 0 0 0 0 0 0 0 0 0 0 0 0 0 0 0 0 0 0 0 0 0 0 0 0 0 0 0 0 1.16 0.116 0 1.8 12 63 1
0 0 0 0 0 0 0 3.19 0 0 0 0 0 0 0 0 0 0 0 0 0 0 0 0 0 0 0 0 0 0 0 0 0 0 0 0 0 0 0 0 0 0 0 0 1.06 0 0 0 0 0.207 0 0.207 0.207 0 3.761 25 79 1
0 0 1.35 1.35 0 0 0 1.35 0 0 0 0 0 0 0 1.35 0 0 2.7 0 0 0 0 0 0 0 0 0 0 0 0 0 0 0 0 0 0 0 0 0 0 0 0 0 2.7 0 0 0 0 0 0 3.588 0 0 2.516 17 78 1
0 1.03 0 0 1.03 0 1.03 0.51 0 0.51 0 1.03 0 0 0 0.51 0 0.51 2.07 0 1.55 0 0 0 0 0 0 0 0 0 0 0 0 0 0.51 0 0 0 0 0 0 0 0 0 0 0 0 0 0 0.257 0 0.6 0.429 0 1.447 4 55 1
0 0 0 0 0 0 0 0 0 0 0 0 0 0 0.29 0.29 0 0.29 1.79 0 0.59 0 0.29 0 0 0 0 0 0 0 0 0 0.29 0 0 0 0 0 0 0 0 0 0.89 0 0 0 0 0 0 0.248 0 0 0.049 0 2.47 30 168 1
0 0 0.68 0 0 0 0 1.36 0 0 0.68 0.68 0 0 0 0 0 0 3.4 0 1.36 0 0.68 0.68 0 0 0 0 0 0 0 0 0 0 0 0 0 0 0 0 0 0 0 0 0 0 0 0 0 0 0 0.238 0.238 0 2.232 19 96 1
0.1 0.2 1.01 0 0.8 0.8 0.5 0 0.8 0.1 0.3 0.7 0.3 0 1.61 0.1 0 1.11 1.31 0.2 0.7 0 0.6 0.1 0 0 0 0 0 0 0 0 0 0 0 0 0 0 0 0 0 0 0.2 0 0.1 0.1 0 0 0 0.11 0 0.488 0.157 0.015 8.55 669 1351 1
0 0 0.66 0 0.33 0 0.33 0.33 1.33 2 0 0.66 0 0.33 1 0.33 0 0.66 2.67 0 1 0 2 0 0 0 0 0 0 0 0 0 0.33 0 0 0 0 0 0 0 0 0 0 0 0.33 0 0 0 0 0.23 0 0.057 0.23 0 5.279 82 227 1
0 0 0 0 0 0.23 0 0 0 0 0 0.46 0 0 0 0.46 0.46 0.23 3 0 0.69 0 0 0 0 0 0 0 0 0 0 0 0.23 0 0 0 0 0 0 0 0 0 0 0 0 0 0 0 0.077 0.038 0 0 0 0.038 2.6 42 182 1
0.39 0 0 0 0 0.39 0.79 0 0 0.39 0 0.79 0 0 0 0 0.39 0 2.37 0 2.76 0 1.18 0.79 0 0 0 0 0 0 0 0 0 0 0 0 0 0 0 0 0 0 0 0 0 0 0 0 0 0.064 0 0.64 0.192 0 2.74 13 74 1
0 0 0.77 0 0.38 0.38 0.38 0 0 0.77 0.38 0.38 0 0 0 0.77 0.77 0.77 2.31 0 1.15 0 0 0.38 0 0 0 0 0 0 0 0 0 0 0 0 0 0 0 0 0 0 0 0 0 0 0 0 0.063 0.127 0.255 0.51 0 0 3.685 62 258 1
0 0 0 0 0.53 0 0.53 0 0.53 0 0 1.07 0 0 0 0 0 0 2.15 0 3.22 0 0 0 0 0 0 0 0 0 0 0 0 0 0 0 0 0 0 0 0 0 0 0 0 0 0 0 0 0 0 0.082 0 0 4.391 66 101 1
0 0.31 0.42 0 0 0.1 0 0.52 0.21 0.52 0 0.52 0.63 0.1 0.1 0.21 0.31 0.21 2.53 0.42 1.69 0.31 0 0.1 0 0 0 0 0 0 0 0 0 0 0 0 0 0 0 0 0 0 0 0 0.1 0 0 0 0 0.016 0 0.887 0.032 0.049 3.446 318 1003 1
0 0 0 0 0 0 0 0 0 0 0 0 0 0 0 0 0 0 0 0 0 0 0 0 0 0 0 0 0 0 0 0 0 0 0 0 0 0 0 0 0 0 0 0 0 0 0 0 0.022 0.022 0.019 0.022 0.022 0.022 3.482 5 5902 0
0 0 0 0 0 0 0 0 0 0.85 0 0 0 0 1.7 0 0 0 2.56 0 1.7 0 0 0 0 0 0 0 0 0 0 0 0 0 0 0 0 0 0 0 0 0 0 0 0 0 0 0 0.299 0 0 0.149 0 0 1.04 2 26 0
0 0 0 0 0 0 0 0 0 0 0 0 0 0 0 0 0 0 0 0 0 0 0 0 0 0 33.33 0 0 0 0 0 0 0 0 0 0 0 0 0 0 0 0 0 0 0 0 0 0 0 0 0 0 0 1 1 3 0
0 0 0 0 0 0 0 0 0 0 0 0 0 0 0 0 0 0 0 0 0 0 0 0 5.12 0 0 0 0 0 0 0 0 0 0 0 1.28 0 2.56 0 0 0 0 0 0 0 0 0 0 0.131 0 0.262 0 0 1.625 7 65 0
0 0 0 0 0 0 0 0 0 0 0 0 0 0 0 0 0 0 0 0 0 0 0 0 0 0 0.07 0 0.07 0 0 0 0.07 0 0 0 0 0 0 0.07 0 0 0 0 0 0 0 0 0 0.104 0.324 0 0 0.011 4.411 28 1866 0
0 0 0 0 2.04 0 0 0 0 0 0 0 0 0 0 0 0 0 0 0 0 0 0 0 4.08 2.04 2.04 2.04 2.04 2.04 2.04 2.04 0 2.04 2.04 2.04 0 0 0 2.04 0 4.08 0 0 0 0 0 0 0 0.671 0 0 0 0 2.5 11 35 0
0 0 0 0 0 0 0 0 0 0 0 0 0 0 0 0 0 0 0 0 0 0 0 0 0 0 0.84 0 0.84 0 0 0 0.84 0 0 0 0 0 0 0 0 0 0 0 0 0 0 0 0 0.273 0.136 0 0 0.136 3.571 28 150 0
0 0 0 0 0 0 0 0 0 0 0 0 0 0 0 0 0 0 0 0 0 0 0 0 0 0 0 0 0 0 0 0 0 0 0 0 0 0 0 0 0 0 0 0 0 0 0 0 0 0 0 0 0 0 1 1 1 0
0 0 0 0 0 0 0 0 0 0 0 0 0 0 0 0 0 0 7.31 0 0 0 0 0 0 0 0 0 0 0 0 0 0 0 0 0 0 0 4.87 0 0 0 0 0 0 0 0 0 0 0 0 0.393 0 0 1.75 7 28 0
0 0 0 0 0 0 0 0 0 0 0 0 0 0 0 0 0 0 4 0 0 0 0 0 0 0 0 0 0 0 0 0 0 0 0 0 0 0 0 0 0 0 0 0 0 0 0 0 0 0 0 0.729 0 0 2.285 7 16 0
0 0 0 0 0 0 0 0 0 0 0 0.24 0 0 0 0 0 0 0.24 0 0 0 0 0 9.33 3.93 0.24 0 0 0.73 0 0 0 0 0.24 0.24 0 0 0.24 0 0 0.73 0 0.49 0 0 0 0 0 0.037 0 0.149 0 0 10.012 251 791 0
0.9 0 0 0 0.9 0 0 0 0 0 0 1.8 0 0 0 0 0 0 3.6 0 1.8 0 0 0 0.9 0.9 0 0 0 0 0 0 0 0 0 0 0 0 0 0 0 0.9 0 0 0 0 0 0 0 0.149 0 0 0 0 2.766 12 83 0
0 0 0 0 0 0 0 0 0 0 0 1.85 0 0 0 0 0 0 0 0 0 0 0 0 0 0 0 0 1.85 0 0 0 0 0 0 0 1.85 0 0 0 0 3.7 0 0 0 0 0 0 0 0.308 0 0 0 0 2 11 26 0
0.08 0 0.08 0 0 0.08 0 0.49 0 0 0.08 1.48 0.08 0.08 0 0 0.08 0 0 0 0 0 0 0 3.3 0 0 0 0 0 0 0 0 0 0 0.41 0.08 0 0 0 0 0 0.08 0 0 0 0 0.16 0.098 0.153 0 0 0.032 0 2.324 18 709 0
0 0 0 0 1.85 0 0 0 0 0 0 0 0 0 0 0 0 0 1.85 0 0 0 0 0 0 0 0 0 0 0 0 0 0 0 0 0 0 0 0 0 0 1.85 0 0 0 0 0 0 0 0.284 0 0 0 0 1.8 5 27 0
0 0 1.44 0 0 0 0 0 0 0 0 0 0 0 0 0 0 0 0 0 0 0 0 0 0 0 0 0 0 0 0 0 0 0 0 0 0 0 2.89 0 0 2.89 0 0 0 0 0 0 0 0.247 0 0 0 0 2.38 8 50 0
0 0 0 0 0 0 0 0 0 0 0 5.88 0 0 0 0 0 0 0 0 0 0 0 0 0 0 0 0 0 0 0 0 0 0 0 0 0 0 0 0 0 0 0 0 0 0 0 0 0 0 0 0.546 0 0 2 4 16 0